2 0.4536458333333333 0.4083333333333333 0.026041666666666668 0.02962962962962963
1 0.5802083333333333 0.3078703703703704 0.019791666666666666 0.04537037037037037
1 0.659375 0.2518518518518519 0.016666666666666666 0.03888888888888889
3 0.84140625 0.36388888888888893 0.0265625 0.044444444444444446
0 0.7010416666666667 0.19861111111111113 0.0125 0.017592592592592594
0 0.46328125 0.1763888888888889 0.0171875 0.02314814814814815
0 0.38385416666666666 0.20601851851851852 0.017708333333333333 0.028703703703703703
3 0.3328125 0.30092592592592593 0.03958333333333333 0.04259259259259259
1 0.24244791666666665 0.23981481481481481 0.0265625 0.03518518518518519
3 0.2638020833333333 0.13240740740740742 0.019270833333333334 0.04814814814814815
