0 0.8197916666666667 0.7430555555555556 0.03333333333333333 0.062037037037037036
0 0.5799479166666667 0.23611111111111113 0.0171875 0.02592592592592593
0 0.6984375 0.2902777777777778 0.019791666666666666 0.030555555555555558
1 0.425 0.41944444444444445 0.028125 0.061111111111111116
1 0.3296875 0.3037037037037037 0.021875 0.0462962962962963
3 0.41171874999999997 0.2138888888888889 0.025520833333333333 0.02777777777777778
1 0.05078125 0.19814814814814816 0.028645833333333332 0.03518518518518519
2 0.27838541666666666 0.24722222222222223 0.01614583333333333 0.020370370370370372
4 0.5893229166666667 0.34444444444444444 0.013020833333333334 0.037037037037037035
1 0.5104166666666666 0.1912037037037037 0.017708333333333333 0.026851851851851852
2 0.6692708333333334 0.22083333333333335 0.014583333333333334 0.017592592592592594
4 0.8098958333333334 0.24166666666666667 0.016666666666666666 0.020370370370370372
4 0.7606770833333333 0.2675925925925926 0.015104166666666667 0.02592592592592593
