3 0.35651041666666666 0.25787037037037036 0.0234375 0.06574074074074074
2 0.31328125 0.22824074074074074 0.011979166666666666 0.017592592592592594
2 0.4283854166666667 0.38981481481481484 0.019270833333333334 0.022222222222222223
2 0.4809895833333333 0.2611111111111111 0.0140625 0.016666666666666666
4 0.22161458333333334 0.4587962962962963 0.018229166666666668 0.021296296296296296
1 0.67734375 0.3055555555555556 0.0203125 0.03518518518518519
0 0.5916666666666667 0.24583333333333335 0.016666666666666666 0.025
0 0.5171875 0.20694444444444446 0.013541666666666667 0.021296296296296296
1 0.6515625 0.1953703703703704 0.011458333333333333 0.024074074074074074
1 0.7197916666666666 0.22870370370370371 0.0125 0.02777777777777778
3 0.7481770833333333 0.28240740740740744 0.0265625 0.02777777777777778
3 0.11171874999999999 0.20972222222222223 0.0421875 0.036111111111111115
2 0.80078125 0.275 0.0109375 0.012962962962962964
