3 0.06302083333333333 0.5125000000000001 0.03229166666666666 0.09537037037037037
4 0.2921875 0.6592592592592593 0.026041666666666668 0.03333333333333333
2 0.29453125 0.5291666666666667 0.022395833333333334 0.026851851851851852
2 0.8395833333333333 0.5712962962962963 0.020833333333333332 0.02592592592592593
3 0.7171875 0.5796296296296296 0.042708333333333334 0.044444444444444446
1 0.7247395833333333 0.5046296296296297 0.0171875 0.03518518518518519
1 0.6484375 0.46990740740740744 0.013541666666666667 0.026851851851851852
1 0.54140625 0.6050925925925926 0.024479166666666666 0.05462962962962963
0 0.4908854166666667 0.5171296296296296 0.019270833333333334 0.026851851851851852
0 0.43984375 0.47453703703703703 0.018229166666666668 0.02314814814814815
